2016.05.11
02
3.10 1.25 1 2.15 3.20 3.30
2.12 1.54 1 2.15 3.20 3.30
1.19 3.55 1 1.28 4.80 11.00
1.35 2.63 1 1.50 3.80 6.50
3.18 1.24 0 8.00 4.50 1.36
2.63 1.35 1 2.70 3.40 2.40
1.62 1.98 0 2.90 3.30 2.30
1.78 1.79 1 2.00 3.40 3.50
1.61 2.00 1 1.80 3.60 4.00

13
2.29 1.46 0 6.00 4.40 1.50
1.62 1.98 1 1.83 3.50 4.33
2.75 1.32 0 6.00 4.40 1.50
1.64 1.95 1 1.85 3.50 4.33
1.86 1.71 1 2.05 3.50 3.50
1.51 2.18 0 3.10 3.30 2.30
1.94 1.65 1 2.10 3.40 3.50
1.59 2.03 1 1.73 3.75 4.50
2.12 1.54 1 2.15 3.00 3.30
2.27 1.47 1 2.45 3.10 2.70
1.83 1.74 1 2.00 3.20 3.50
2.51 1.38 1 2.40 3.50 2.80
2.05 1.58 1 2.37 3.30 2.75
-1
1
2 1 1 1 2 0 0 2 1 1 0 2 2

2016.05.12
02
10
1.93 1.66 1 2.15 3.00 3.60
1.64 1.95 0 3.75 3.10 2.05
1.90 1.68 1 1.91 3.40 3.80
1.61 2.00 1 1.83 3.50 4.00
1.56 2.08 1 1.75 3.40 4.50
2.58 1.36 1 2.70 3.30 2.45
1.74 1.83 1 2.00 3.60 3.50 
1.42 2.40 0 2.60 3.40 2.50
2.00 1.61 1 2.25 3.10 3.40
1.40 2.46 0 2.75 2.80 2.70
-1
1.93 2.95 3.75
3.40 3.15 1.95
1.90 3.30 3.40
1.61 3.70 4.30
1.56 3.65 4.80
2.58 3.35 2.28
1.74 3.45 3.85
2.40 3.45 2.40
2.00 3.05 3.38
2.75 2.83 2.46
-1
1 0 1 1 2 1 0 2 2 2 



2016.05.13
004
11
1.67 1.91 0 3.40 3.50 2.00
1.97 1.63 1 2.15 3.40 3.00
1.71 1.86 0 3.40 3.50 2.00
2.24 1.48 1 2.45 3.30 2.70
1.79 1.78 1 1.91 3.75 3.30
2.20 1.50 1 2.40 3.00 3.30
1.32 2.75 1 1.53 4.20 5.00
1.40 2.46 1 1.55 3.80 5.50
1.50 2.20 1 1.61 3.75 5.00
1.56 2.08 1 1.65 3.50 5.00
1.39 2.48 0 2.60 3.00 2.70
-1
3.10 3.60 1.91 
1.97 3.40 3.10
3.25 3.60 1.86
2.24 3.40 2.61
1.79 3.75 3.35
2.20 2.85 3.15
1.32 4.45 7.10
1.40 4.05 6.15
1.50 3.85 5.05
1.56 3.50 5.10
2.68 2.88 2.48
-1
1
0 2 1 1 0 1 1 1 1 1 1




10
1.89 1.69 1 2.00 3.30 3.50
1.85 1.72 1 1.91 3.30 3.80
1.60 2.01 0 3.00 3.20 2.25 
1.40 2.45 0 2.70 3.30 2.40 
2.18 1.51 1 2.30 3.25 2.87
1.59 2.03 0 3.10 3.40 2.15
1.84 1.73 1 2.00 3.20 3.60
1.53 2.14 0 2.90 3.40 2.37
1.46 2.29 1 1.65 3.50 5.00
2.18 1.51 1 2.30 3.10 3.00
-1
1.89 3.35 3.40
1.85 3.35 3.50
3.25 3.15 2.01
2.54 3.10 2.45
2.18 3.20 2.85
2.90 3.50 2.03
1.84 3.20 3.75
2.90 3.20 2.14
1.46 3.70 5.90
2.18 3.15 2.88
-1

2 1 0 0 2 0 2 1 1 1

2016.05.15
049
13
2.06 1.57 1 2.20 3.10 3.50
2.45 1.40 1 2.45 3.75 2.60
1.44 2.34 1 1.53 4.40 5.50
2.75 1.32 0 5.50 4.20 1.50
1.19 3.55 1 1.35 4.40 9.00
2.75 1.32 0 5.50 4.20 1.50
1.23 3.25 1 1.35 4.40 9.00
2.45 1.40 1 2.75 3.20 2.60
1.77 1.80 1 2.05 3.50 3.50
1.71 1.86 0 3.75 3.75 1.91
1.21 3.38 1 1.33 5.50 8.00
1.37 2.55 0 2.50 3.00 2.80
2.00 1.60 1 2.05 3.00 2.80
-1
2.06 3.25 3.02
2.45 3.25 2.45
1.44 4.15 5.30
7.10 4.45 1.32
1.19 5.20 11.00
2.45 3.25 2.45
1.77 3.60 3.55
3.28 3.55 1.86
1.21 5.65 8.25
1.37 4.25 6.30
2.45 3.00 2.62
2.00 2.95 3.50
2.05 2.85 3.50
-1
1
2 1 0 0 2 1 1 1 1 1 2 0 1

14
2.05 1.58 1 2.15 2.90 3.60
1.82 1.75 1 1.91 4.00 3.50
2.08 1.56 1 2.20 3.50 3.10
2.24 1.48 1 2.45 3.00 2.87
2.12 1.54 1 2.15 3.00 3.40
1.67 1.91 1 1.80 3.10 4.75
1.61 2.00 1 1.73 3.75 4.60
1.84 1.73 1 2.00 3.30 3.60
1.73 1.84 1 1.83 3.40 4.00
1.91 1.67 1 2.10 3.10 3.40
1.50 2.20 1 1.57 3.30 6.50
1.47 2.27 1 1.53 3.50 6.50
1.70 1.87 1 1.91 3.30 3.80
1.57 2.06 1 1.67 4.20 4.50
-1
1
0 0 0 2 2 1 1 1 2 2 1 1 0 1

2016.05.16
008
14
2.10 1.55 1 2.20 3.40 3.00
1.15 3.95 1 1.22 5.50 12.00
1.75 1.82 1 1.80 3.50 4.20
1.73 1.84 1 1.91 3.60 3.60
1.53 2.14 1 1.67 3.60 5.00
1.57 2.06 1 1.75 3.50 4.50
1.13 4.21 1 1.25 4.80 13.00
2.20 1.50 1 2.45 3.10 2.87
1.55 2.10 1 1.67 3.60 5.00
2.08 1.56 1 2.20 3.30 3.00
1.53 2.14 1 1.57 4.20 4.80
2.10 1.55 1 2.25 3.20 3.30
1.88 1.70 1 2.05 3.10 3.60
1.95 1.64 1 2.15 3.00 3.40
-1
2.10 3.30 2.90
1.15 5.65 13.00
1.75 3.40 3.90
1.73 3.70 3.65
1.53 3.70 5.00
1.57 3.60 4.78
1.13 5.70 15.50
2.20 3.15 2.85
1.55 3.70 4.80
2.08 3.40 2.86
-1
1
1 1 1 0 2 1 1 1 1 1 1 2 1 2

2016.05.17
003 
7
2.08 1.56 1 2.20 3.20 3.10
2.63 1.35 1 2.70 3.00 2.60
1.42 2.40 1 1.44 4.20 6.50
1.95 1.64 1 2.15 3.20 3.50
1.41 2.43 1 1.57 4.00 5.50
1.58 2.05 1 1.70 3.30 4.80
2.00 1.61 1 2.15 3.10 3.30
-1
2.08 3.30 2.95  
2.63 2.95 2.47  
1.42 4.05 5.80 
1.95 3.20 3.35 
1.41 4.10 5.85  
1.58 3.60 4.70 
2.00 3.00 3.45
-1  
1
0 1 2 0 1 1 1

2016.05.18

010
14
1.57 2.06 1 1.73 3.30 4.80
1.49 2.22 0 2.75 3.40 2.30
1.63 1.97 0 2.87 3.50 2.20
2.16 1.52 1 2.37 3.30 2.75
1.51 2.18 1 1.61 3.80 4.80
2.05 1.58 1 2.30 3.10 3.30
1.93 1.66 1 2.05 3.40 3.60
1.47 2.27 1 1.53 3.60 5.50
1.30 2.83 1 1.40 4.00 7.00
1.44 2.34 2 1.55 4.20 6.50
1.37 2.55 1 1.50 4.20 6.50
1.68 1.90 1 1.85 3.20 4.20
1.20 3.48 1 1.40 4.50 6.50
1.72 1.85 1 1.91 3.10 3.80
-1
1.57 3.60 4.80 
2.55 3.55 2.22  
3.05 3.50 1.97 
2.16 3.45 2.70  
1.51 3.90 4.90 
2.05 3.05 3.25 
1.93 3.30 3.30 
1.47 3.70 5.75  
1.30 4.50 7.50 
1.44 4.00 5.55  
1.37 4.30 6.20 
1.68 3.45 4.20 
1.20 5.30 10.00 
1.72 3.40 4.05 
-1
1
2 0 0 2 1 0 1 1 2 2 1 1 0 0

2016.05.19
001

14
1.77 1.80 1 2.00 3.40 3.50
1.56 2.08 1 1.73 3.60 4.33
1.72 1.85 0 3.30 3.50 2.00
2.10 1.55 1 2.25 3.40 2.87
2.32 1.45 1 2.60 3.25 2.60
1.76 1.81 1 1.95 3.40 4.00
1.50 2.20 0 2.75 3.40 2.37
2.14 1.53 1 2.30 3.40 3.00
2.05 1.58 1 2.30 3.30 3.10
1.49 2.22 1 1.57 3.60 5.00
1.42 2.40 1 1.65 3.30 5.50
1.17 3.75 1 1.22 5.50 8.50
2.18 1.51 1 2.20 3.30 3.10
1.50 2.20 1 1.55 3.60 6.00
-1
1.77 3.50 3.65
1.56 3.80 4.55
3.32 3.55 1.85
2.10 3.40 2.82 
2.32 3.25 2.60
1.76 3.25 4.02 
2.64 3.45 2.20
2.14 3.50 2.70 
2.05 3.30 3.00
1.49 3.70 5.45 
1.42 3.80 6.35
1.17 5.50 11.50
2.18 3.30 2.78 
1.50 3.60 5.55
-1
1
1 0 0 2 1 2 2 0 1 2 2 1 2 1

2016.05.20
001

9
2.00 1.61 1 2.20 3.10 3.50
2.27 1.47 0 4.80 3.80 1.61
1.58 2.05 0 3.10 3.30 2.20
2.08 1.56 0 2.25 3.00 3.30
2.25 1.48 1 2.30 3.30 3.10
4.10 1.14 0 15.0 5.50 1.20
1.55 2.10 0 3.10 3.10 2.25
1.75 1.82 1 1.91 3.50 4.00
1.72 1.85 1 1.83 3.25 4.20
-1
2.00 3.00 3.45 
5.00 4.10 1.47
3.05 3.25 2.05
2.08 3.00 3.22
2.25 3.20 2.72
14.00 5.70 1.14
3.18 3.00 2.10 
1.75 3.40 3.90 
1.72 3.35 4.10
-1
1
2 0 2 1 2 0 1 1 1

2016.05.21
21

10
1.50 2.20 1 1.65 3.80 4.75
1.95 1.64 0 5.00 3.30 1.83
1.65 1.94 1 1.85 3.40 4.50
1.66 1.93 0 3.10 3.20 2.20
1.41 2.42 0 3.00 2.80 2.50
2.29 1.46 0 6.50 3.40 1.61
2.90 1.29 1 8.00 4.50 1.40
1.53 2.14 0 3.20 3.00 2.25
1.45 2.31 0 2.62 3.60 2.50
1.46 2.29 1 1.65 3.50 5.00
-1
1.50 3.95 4.90
4.72 3.30 1.64 
1.65 3.50 4.30 
3.25 3.35 1.93 
2.88 2.75 2.42 
6.50 3.50 1.46 
8.20 4.40 1.29 
3.05 3.05 2.14 
2.49 3.45 2.31 
1.46 3.60 6.20
-1
0

9
2.00 1.61 1 2.10 3.50 3.40
1.85 1.72 1 1.95 3.60 3.75
1.54 2.12 1 1.65 3.50 5.00
1.78 1.79 0 3.60 3.20 2.00
2.00 1.60 1 2.15 3.10 3.30
1.93 1.66 1 2.05 3.50 3.50
1.95 1.64 1 2.15 3.50 3.25
1.40 2.45 1 1.50 3.60 7.00
1.63 1.97 1 1.75 3.60 3.10
-1
2.00 3.25 3.16 
1.85 3.30 3.56 
1.54 3.55 5.20 
3.95 3.20 1.79 
2.00 3.10 3.32 
1.93 3.35 3.25 
1.95 3.40 3.15
1.40 3.80 6.80
1.63 3.60 4.30
-1
0

2016.05.23
001

6
2.18 1.51 0 4.60 3.75 1.65
1.50 2.20 1 1.65 3.80 4.50
2.59 1.36 1 2.75 3.20 2.60
2.24 1.48 1 2.30 3.00 3.10
1.70 1.87 1 2.30 3.00 3.10
1.36 2.58 1 1.44 4.00 8.50
-1
4.72 4.00 1.51
1.50 3.80 5.15 
2.59 3.15 2.38
2.24 2.87 3.03
1.70 3.20 4.47
1.36 4.00 7.20
-1
0 








 


